_RAJ2000	_DEJ2000	RAJ2000	DEJ2000	2MASS	Jmag	e_Jmag	Hmag	e_Hmag	Kmag	e_Kmag	Qflg	Rflg	Bflg	Cflg	Xflg	Aflg
119.485935	-60.833858	119.485935	-60.833858	07575662-6050018	15.542	0.056	15.168	0.092	14.974	0.144	AAB	222	111	000	0	0
119.486802	-60.842743	119.486802	-60.842743	07575683-6050338	11.427	0.024	11.135	0.021	11.047	0.021	AAA	222	111	000	0	0
119.488834	-60.827599	119.488834	-60.827599	07575732-6049393	16.201	0.118	15.741	0.173	15.624	0.242	BCD	222	111	ccc	0	0
119.490109	-60.829651	119.490109	-60.829651	07575762-6049467	12.204	0.028	11.890	0.028	11.845	0.024	AAA	222	111	000	0	0
119.491362	-60.826691	119.491362	-60.826691	07575792-6049360	15.579	0.082	14.974	0.086	14.773	0.129	AAB	222	111	c00	0	0
119.491841	-60.845966	119.491841	-60.845966	07575804-6050454	8.732	0.024	8.742	0.046	8.678	0.021	AAA	112	111	000	0	0
119.492870	-60.830769	119.492870	-60.830769	07575828-6049507	15.123	0.052	14.649	0.069	14.496	0.097	AAA	222	111	ccc	0	0
119.478412	-60.840809	119.478412	-60.840809	07575481-6050269	14.539	0.026	13.844	0.021	13.746	0.047	AAA	222	111	000	0	0
119.450700	-60.815788	119.450700	-60.815788	07574816-6048568	9.314	0.024	9.334	0.024	9.283	0.021	AAA	222	111	ss0	0	0
119.496166	-60.836342	119.496166	-60.836342	07575907-6050108	16.413	0.121	15.514	0.111	15.325	0.204	BBC	222	111	c0c	0	0
119.548082	-60.856388	119.548082	-60.856388	07581153-6051229	16.715	0.151	16.102		15.369		CUU	200	100	c00	0	0
119.551099	-60.853100	119.551099	-60.853100	07581226-6051111	14.820	0.038	14.246	0.049	14.255	0.081	AAA	222	111	000	0	0
119.557643	-60.838512	119.557643	-60.838512	07581383-6050186	14.745	0.036	13.997	0.035	13.860	0.047	AAA	222	111	000	0	0
119.544670	-60.825649	119.544670	-60.825649	07581072-6049323	10.866	0.022	10.667	0.022	10.588	0.021	AAA	222	111	00s	0	0
119.557723	-60.830887	119.557723	-60.830887	07581385-6049511	13.492	0.021	12.812	0.022	12.678	0.029	AAA	222	111	000	0	0
119.522550	-60.830345	119.522550	-60.830345	07580541-6049492	16.057	0.090	15.080	0.069	15.171	0.173	AAC	222	111	ccc	0	0
119.546811	-60.833302	119.546811	-60.833302	07581123-6049598	12.231	0.024	11.844	0.023	11.706	0.021	AAA	222	111	000	0	0
119.554776	-60.823425	119.554776	-60.823425	07581314-6049243	10.078	0.026	9.589	0.029	9.420	0.024	AAA	222	111	sc0	0	0
119.544156	-60.848324	119.544156	-60.848324	07581059-6050539	13.046	0.026	12.574	0.025	12.434	0.027	AAA	222	111	000	0	0
119.510430	-60.813004	119.510430	-60.813004	07580250-6048468	8.740	0.029	8.742	0.051	8.724	0.021	AAA	112	111	000	0	0
119.540146	-60.816872	119.540146	-60.816872	07580963-6049007	4.751	0.212	3.872	0.208	3.808	0.274	CCD	333	111	d00	0	0
119.505157	-60.812767	119.505157	-60.812767	07580123-6048459	12.693	0.069	12.437	0.063	12.353	0.037	AAA	222	111	ccc	0	0
119.501993	-60.814266	119.501993	-60.814266	07580047-6048513	15.049	0.068	14.668	0.043	14.711	0.115	AAB	222	111	ccc	0	0
119.533572	-60.836708	119.533572	-60.836708	07580805-6050121	15.859	0.071	15.264	0.088	15.126	0.154	AAC	222	111	ccc	0	0
119.531053	-60.853764	119.531053	-60.853764	07580745-6051135	14.140	0.022	14.037	0.037	13.835	0.045	AAA	222	111	000	0	0
119.532023	-60.833885	119.532023	-60.833885	07580768-6050019	12.995	0.023	12.490	0.026	12.364	0.026	AAA	222	111	000	0	0
119.605403	-60.842793	119.605403	-60.842793	07582529-6050340	15.798	0.074	15.442	0.110	15.338	0.201	ABC	222	111	000	0	0
119.608049	-60.828888	119.608049	-60.828888	07582593-6049439	15.493	0.055	14.718	0.051	14.517	0.097	AAA	222	111	000	0	0
119.624213	-60.816795	119.624213	-60.816795	07582981-6049004	13.181	0.029	12.482	0.031	12.281	0.027	AAA	222	111	sss	0	0
119.621801	-60.838360	119.621801	-60.838360	07582923-6050180	16.532	0.154	16.109	0.190	15.626		BCU	220	110	000	0	0
119.624046	-60.849644	119.624046	-60.849644	07582977-6050587	15.640	0.071	15.363	0.087	15.274	0.177	AAC	222	111	000	0	0
119.604745	-60.854195	119.604745	-60.854195	07582513-6051151	16.529	0.198	16.222	0.211	16.600		CDU	220	110	cc0	0	0
119.592986	-60.857716	119.592986	-60.857716	07582231-6051277	7.024	0.029	7.099	0.044	7.064	0.029	AAA	111	111	ddd	0	0
119.571004	-60.819485	119.571004	-60.819485	07581704-6049101	16.128	0.115	15.391	0.100	15.207	0.170	BAC	222	111	ccc	0	0
119.564977	-60.840916	119.564977	-60.840916	07581559-6050272	15.888	0.082	15.305	0.097	15.282	0.186	AAC	222	111	00c	0	0
119.569054	-60.823608	119.569054	-60.823608	07581657-6049249	12.535	0.026	12.212	0.023	12.181	0.027	AAA	222	111	sss	0	0
119.572801	-60.834946	119.572801	-60.834946	07581747-6050058	10.882	0.022	10.298	0.025	10.084	0.023	AAA	222	111	000	0	0
119.574382	-60.844913	119.574382	-60.844913	07581785-6050416	16.002	0.099	15.569	0.140	15.251	0.177	ABC	222	111	000	0	0
119.582467	-60.827347	119.582467	-60.827347	07581979-6049384	10.234	0.024	10.099	0.023	10.090	0.021	AAA	222	111	000	0	0
119.592807	-60.856205	119.592807	-60.856205	07582227-6051223	7.591	0.037	7.638	0.047	7.634	0.061	AAA	111	111	ddd	0	0
119.674404	-60.844612	119.674404	-60.844612	07584185-6050406	14.067		13.558		13.559	0.064	UUA	002	001	000	0	0
119.665705	-60.838554	119.665705	-60.838554	07583976-6050187	16.205	0.108	15.521	0.119	15.534	0.234	BBD	222	111	000	0	0
119.672887	-60.848579	119.672887	-60.848579	07584149-6050548	14.320	0.022	13.738	0.022	13.484	0.043	AAA	222	111	000	0	0
119.674986	-60.844505	119.674986	-60.844505	07584199-6050402	14.729	0.073	14.171	0.093	13.342		AEU	220	110	000	0	0
119.674501	-60.832172	119.674501	-60.832172	07584188-6049558	15.829	0.076	15.250	0.083	15.195	0.182	AAC	222	111	c00	0	0
119.686965	-60.814758	119.686965	-60.814758	07584487-6048531	15.736	0.082	15.280	0.101	15.205	0.172	AAC	222	111	ccc	0	0
119.682995	-60.840008	119.682995	-60.840008	07584391-6050240	15.181	0.045	14.952	0.057	14.754	0.109	AAB	222	111	0p0	0	0
119.684727	-60.816483	119.684727	-60.816483	07584433-6048593	16.423	0.206	15.893		14.509		CUU	200	100	c00	0	0
119.638765	-60.823784	119.638765	-60.823784	07583330-6049256	9.838	0.022	9.752	0.023	9.660	0.021	AAA	222	111	sss	0	0
119.664753	-60.822521	119.664753	-60.822521	07583954-6049210	15.720	0.073	15.290	0.087	15.448	0.202	AAC	222	111	000	0	0
119.655669	-60.853168	119.655669	-60.853168	07583736-6051114	13.373	0.022	13.203	0.033	13.114	0.038	AAA	222	111	000	0	0
119.633674	-60.817692	119.633674	-60.817692	07583208-6049036	14.677	0.036	14.127	0.033	14.088	0.065	AAA	222	111	sss	0	0
119.636560	-60.814590	119.636560	-60.814590	07583277-6048525	14.301	0.035	13.560	0.027	13.315	0.034	AAA	222	111	000	0	0
119.643448	-60.829784	119.643448	-60.829784	07583442-6049472	16.587	0.178	15.847	0.151	15.539	0.217	CCD	222	111	c00	0	0
119.649232	-60.816792	119.649232	-60.816792	07583581-6049004	15.522	0.077	15.009	0.080	14.843	0.131	AAB	222	111	sss	0	0
119.651477	-60.831196	119.651477	-60.831196	07583635-6049523	16.025	0.100	15.437	0.102	15.321	0.197	ABC	222	111	000	0	0
119.651928	-60.838436	119.651928	-60.838436	07583646-6050183	10.522	0.024	10.288	0.029	10.215	0.023	AAA	222	111	000	0	0
119.718002	-60.818058	119.718002	-60.818058	07585232-6049050	13.958	0.048	13.321	0.038	13.101	0.026	AAA	222	111	ccc	0	0
119.728823	-60.812782	119.728823	-60.812782	07585491-6048460	16.159	0.093	15.359	0.085	14.965	0.147	AAB	222	111	ccc	0	0
119.733374	-60.819260	119.733374	-60.819260	07585600-6049093	16.099	0.102	15.709	0.137	14.997		ABU	220	110	cc0	0	0
119.716739	-60.832287	119.716739	-60.832287	07585201-6049562	16.336	0.125	15.803	0.151	15.616	0.253	BCD	222	111	ccc	0	0
119.691027	-60.840363	119.691027	-60.840363	07584584-6050253	16.601	0.152	15.840	0.149	15.510	0.210	CCD	222	111	c0c	0	0
119.710590	-60.824444	119.710590	-60.824444	07585054-6049279	5.558	0.023	5.495	0.023	5.359	0.018	AAA	111	111	000	0	0
119.690077	-60.831459	119.690077	-60.831459	07584561-6049532	15.519	0.061	15.313	0.097	15.284	0.184	AAC	222	111	ccc	0	0
119.705925	-60.817924	119.705925	-60.817924	07584942-6049045	15.064	0.177	15.028	0.090	15.004	0.148	CAB	222	111	ccc	0	0
119.708236	-60.833164	119.708236	-60.833164	07584997-6049593	13.521	0.042	13.139	0.047	13.081	0.040	AAA	222	111	ccc	0	0
119.701693	-60.839706	119.701693	-60.839706	07584840-6050229	14.475	0.026	13.881	0.041	13.662	0.058	AAA	222	111	000	0	0
119.435515	-60.807659	119.435515	-60.807659	07574452-6048275	15.607	0.059	15.284	0.097	15.015	0.131	AAB	222	111	ccc	0	0
119.433933	-60.810936	119.433933	-60.810936	07574414-6048393	11.229	0.024	11.066	0.024	10.979	0.023	AAA	222	111	000	0	0
119.433624	-60.791096	119.433624	-60.791096	07574406-6047279	12.268	0.024	11.946	0.024	11.820	0.024	AAA	222	111	000	0	0
119.424754	-60.761189	119.424754	-60.761189	07574194-6045402	16.411	0.112	15.964	0.178	16.929		BCU	220	110	000	0	0
119.430018	-60.752834	119.430018	-60.752834	07574320-6045102	15.539	0.053	14.894	0.085	14.689	0.097	AAB	222	111	000	0	0
119.434101	-60.754253	119.434101	-60.754253	07574418-6045153	14.181	0.029	13.453	0.022	13.208	0.034	AAA	222	111	000	0	0
119.431744	-60.785046	119.431744	-60.785046	07574361-6047061	12.652	0.026	12.253	0.022	12.202	0.029	AAA	222	111	000	0	0
119.423310	-60.792110	119.423310	-60.792110	07574159-6047315	15.366	0.050	14.612	0.042	14.594	0.091	AAA	222	111	000	0	0
119.439393	-60.762966	119.439393	-60.762966	07574545-6045466	15.928	0.083	15.616	0.123	15.391	0.203	ABC	222	111	000	0	0
119.437994	-60.798073	119.437994	-60.798073	07574511-6047530	10.670	0.023	10.467	0.022	10.390	0.019	AAA	222	111	000	0	0
119.493057	-60.773396	119.493057	-60.773396	07575833-6046242	16.112	0.100	15.850	0.150	15.409	0.207	ABC	222	111	000	0	0
119.480894	-60.807545	119.480894	-60.807545	07575541-6048271	11.421	0.024	11.062	0.022	10.927	0.021	AAA	222	111	000	0	0
119.472474	-60.769817	119.472474	-60.769817	07575339-6046113	15.256	0.049	14.688	0.046	14.674	0.103	AAB	222	111	000	0	0
119.475518	-60.763126	119.475518	-60.763126	07575412-6045472	16.655	0.148	15.900	0.158	16.159		CCU	220	110	c00	0	0
119.499661	-60.758781	119.499661	-60.758781	07575991-6045316	14.497	0.028	14.166	0.026	14.107	0.078	AAA	222	111	000	0	0
119.495457	-60.755516	119.495457	-60.755516	07575890-6045198	16.088	0.115	15.824	0.169	15.324	0.184	BCC	222	111	ccc	0	0
119.491947	-60.783405	119.491947	-60.783405	07575806-6047002	16.415	0.123	15.481	0.131	15.474	0.207	BBD	222	111	000	0	0
119.442015	-60.810970	119.442015	-60.810970	07574608-6048394	10.273	0.023	10.126	0.022	10.043	0.019	AAA	222	111	000	0	0
119.491867	-60.762394	119.491867	-60.762394	07575804-6045446	12.880	0.024	12.218	0.021	12.114	0.026	AAA	222	111	000	0	0
119.488575	-60.757301	119.488575	-60.757301	07575725-6045262	9.166	0.026	9.125	0.022	9.088	0.021	AAA	222	111	000	0	0
119.487949	-60.782269	119.487949	-60.782269	07575710-6046561	16.805	0.163	15.838	0.155	15.088	0.160	CBC	222	111	000	0	0
119.486049	-60.788116	119.486049	-60.788116	07575665-6047172	16.437	0.121	16.203	0.220	14.884		BDU	220	110	000	0	0
119.481137	-60.772724	119.481137	-60.772724	07575547-6046218	11.597	0.024	10.817	0.022	10.602	0.019	AAA	222	111	000	0	0
119.442296	-60.804634	119.442296	-60.804634	07574615-6048166	13.541	0.032	13.203	0.026	13.163	0.041	AAA	222	111	ppp	0	0
119.470805	-60.764282	119.470805	-60.764282	07575299-6045514	14.566	0.033	14.230	0.043	14.085	0.065	AAA	222	111	000	0	0
119.471347	-60.754478	119.471347	-60.754478	07575312-6045161	15.935	0.077	15.570	0.100	16.306		ABU	220	110	cc0	0	0
119.438559	-60.790516	119.438559	-60.790516	07574525-6047258	14.597	0.043	14.300	0.046	14.213	0.078	AAA	222	111	0pp	0	0
119.456494	-60.752262	119.456494	-60.752262	07574955-6045081	15.616	0.056	15.190	0.081	14.820	0.122	AAB	222	111	c00	0	0
119.478790	-60.787174	119.478790	-60.787174	07575490-6047138	15.775	0.064	15.532	0.104	15.214	0.168	ABC	222	111	000	0	0
119.439479	-60.776344	119.439479	-60.776344	07574547-6046348	12.923	0.026	12.486	0.022	12.417	0.026	AAA	222	111	000	0	0
119.439614	-60.784065	119.439614	-60.784065	07574550-6047026	10.031	0.024	9.923	0.022	9.878	0.023	AAA	222	111	000	0	0
119.444211	-60.781452	119.444211	-60.781452	07574661-6046532	15.624	0.066	15.170	0.076	14.965	0.152	AAB	222	111	ppp	0	0
119.452562	-60.766548	119.452562	-60.766548	07574861-6045595	15.734	0.077	15.197	0.077	14.931	0.130	AAB	222	111	000	0	0
119.461623	-60.775841	119.461623	-60.775841	07575078-6046330	16.596	0.150	16.692		16.412		CUU	200	100	c00	0	0
119.470293	-60.783272	119.470293	-60.783272	07575287-6046597	11.622	0.024	11.237	0.024	11.166	0.024	AAA	222	111	000	0	0
119.466283	-60.751751	119.466283	-60.751751	07575190-6045063	10.249	0.023	10.152	0.026	10.089	0.019	AAA	222	111	000	0	0
119.467296	-60.792847	119.467296	-60.792847	07575215-6047342	13.882	0.028	13.523	0.030	13.384	0.040	AAA	222	111	000	0	0
119.468032	-60.773956	119.468032	-60.773956	07575232-6046262	10.734	0.023	10.122	0.021	9.948	0.023	AAA	222	111	000	0	0
119.469864	-60.789398	119.469864	-60.789398	07575276-6047218	16.623	0.146	15.897	0.159	15.786		CCU	220	110	000	0	0
119.470117	-60.780109	119.470117	-60.780109	07575282-6046483	15.168	0.050	14.798	0.060	14.750	0.120	AAB	222	111	c00	0	0
119.477154	-60.752277	119.477154	-60.752277	07575451-6045081	12.242	0.023	11.825	0.021	11.754	0.024	AAA	222	111	000	0	0
119.448589	-60.762665	119.448589	-60.762665	07574766-6045455	15.034	0.036	14.609	0.059	14.630	0.114	AAB	222	111	000	0	0
119.485728	-60.766991	119.485728	-60.766991	07575657-6046011	16.192	0.095	15.781	0.154	15.081	0.163	ABC	222	111	000	0	0
119.509977	-60.779812	119.509977	-60.779812	07580239-6046473	10.844	0.026	10.469	0.022	10.435	0.024	AAA	222	111	0d0	0	0
119.546714	-60.782158	119.546714	-60.782158	07581121-6046557	14.756	0.029	14.417	0.025	14.358	0.095	AAA	222	111	c00	0	0
119.532303	-60.775928	119.532303	-60.775928	07580775-6046333	9.921	0.024	9.747	0.022	9.745	0.023	AAA	222	111	ddd	0	0
119.533586	-60.780548	119.533586	-60.780548	07580806-6046499	8.213	0.027	8.202	0.040	8.227	0.024	AAA	112	111	000	0	0
119.542799	-60.791786	119.542799	-60.791786	07581027-6047304	13.870	0.022	13.511	0.036	13.471	0.039	AAA	222	111	000	0	0
119.545598	-60.776630	119.545598	-60.776630	07581094-6046358	16.394	0.136	15.629	0.119	15.098	0.176	BBC	222	111	ccc	0	0
119.548098	-60.779240	119.548098	-60.779240	07581154-6046452	16.434	0.125	16.346	0.255	15.495		BDU	220	110	cc0	0	0
119.548081	-60.763271	119.548081	-60.763271	07581153-6045477	12.686	0.024	12.402	0.023	12.349	0.027	AAA	222	111	000	0	0
119.553682	-60.801353	119.553682	-60.801353	07581288-6048048	6.919	0.023	6.922	0.031	6.855	0.018	AAA	111	111	000	0	0
119.557493	-60.769344	119.557493	-60.769344	07581379-6046096	16.077	0.101	15.672	0.118	15.516	0.212	ABD	222	111	000	0	0
119.557915	-60.756706	119.557915	-60.756706	07581389-6045241	12.684	0.038	12.151	0.036	12.074	0.030	AAA	222	111	c00	0	0
119.561401	-60.754974	119.561401	-60.754974	07581473-6045179	9.731	0.024	9.724	0.025	9.685	0.021	AAA	222	111	00s	0	0
119.529070	-60.806461	119.529070	-60.806461	07580697-6048232	13.867	0.024	13.139	0.024	12.953	0.037	AAA	222	111	ccc	0	0
119.532193	-60.767052	119.532193	-60.767052	07580772-6046013	16.193	0.115	15.514	0.126	15.294	0.179	BBC	222	222	ccc	0	0
119.553779	-60.811764	119.553779	-60.811764	07581290-6048423	14.890		15.712	0.356	14.603		UDU	020	010	0c0	0	0
119.517921	-60.753265	119.517921	-60.753265	07580430-6045117	15.740	0.072	15.191	0.071	15.172	0.170	AAC	222	111	ccc	0	0
119.521463	-60.769978	119.521463	-60.769978	07580515-6046119	12.170	0.028	11.603	0.024	11.479	0.023	AAA	222	111	000	0	0
119.505715	-60.784454	119.505715	-60.784454	07580137-6047040	16.705	0.148	15.790	0.142	15.395	0.206	CBC	222	111	c00	0	0
119.500726	-60.792046	119.500726	-60.792046	07580017-6047313	16.313	0.103	15.732	0.127	15.334		BBU	220	110	000	0	0
119.529055	-60.810017	119.529055	-60.810017	07580697-6048360	14.544	0.194	17.252	0.618	13.458		EDU	420	110	cc0	0	0
119.525674	-60.809185	119.525674	-60.809185	07580616-6048330	11.106	0.024	10.471	0.022	10.341	0.021	AAA	222	111	000	0	0
119.503708	-60.800648	119.503708	-60.800648	07580088-6048023	14.954	0.049	14.581	0.057	14.534	0.088	AAA	222	111	000	0	0
119.529758	-60.766853	119.529758	-60.766853	07580714-6046006	16.204	0.104	15.676	0.119	15.123	0.177	ABC	222	222	ccc	0	0
119.521863	-60.794533	119.521863	-60.794533	07580524-6047403	10.871	0.023	10.672	0.022	10.591	0.021	AAA	222	111	000	0	0
119.522160	-60.750946	119.522160	-60.750946	07580531-6045034	11.428	0.023	11.162	0.024	11.144	0.026	AAA	222	111	000	0	0
119.526184	-60.766399	119.526184	-60.766399	07580628-6045590	13.420	0.030	12.936	0.024	12.828	0.027	AAA	222	111	000	0	0
119.528535	-60.775677	119.528535	-60.775677	07580684-6046324	12.061	0.041	11.759	0.049	11.638	0.023	AAA	222	111	ccc	0	0
119.567178	-60.785065	119.567178	-60.785065	07581612-6047062	16.488	0.149	15.955	0.175	15.066		BCU	220	110	000	0	0
119.575083	-60.754238	119.575083	-60.754238	07581801-6045152	10.289	0.024	10.084	0.023	10.023	0.023	AAA	222	111	sss	0	0
119.569662	-60.780838	119.569662	-60.780838	07581671-6046510	12.985	0.022	12.496	0.027	12.290	0.026	AAA	222	111	000	0	0
119.570833	-60.765499	119.570833	-60.765499	07581699-6045557	16.419	0.127	15.439	0.126	15.343	0.193	BBC	222	111	000	0	0
119.616447	-60.811218	119.616447	-60.811218	07582794-6048403	14.274	0.032	13.642	0.038	13.461	0.039	AAA	222	111	000	0	0
119.597530	-60.807499	119.597530	-60.807499	07582340-6048269	15.361	0.045	14.737	0.049	14.567	0.093	AAA	222	111	000	0	0
119.609304	-60.803352	119.609304	-60.803352	07582623-6048120	14.832	0.242	14.429	0.218	14.568	0.178	DDC	222	111	ccc	0	0
119.613742	-60.802063	119.613742	-60.802063	07582729-6048074	8.363	0.023	8.347	0.023	8.369	0.020	AAA	111	111	000	0	0
119.622478	-60.811989	119.622478	-60.811989	07582939-6048431	13.849	0.024	13.585	0.022	13.523	0.040	AAA	222	111	000	0	0
119.564819	-60.805904	119.564819	-60.805904	07581555-6048212	14.685	0.024	14.160	0.022	14.066	0.064	AAA	222	111	ccc	0	0
119.611887	-60.752846	119.611887	-60.752846	07582685-6045102	13.399	0.022	12.817	0.029	12.657	0.024	AAA	222	111	ss0	0	0
119.615358	-60.766525	119.615358	-60.766525	07582768-6045594	16.046	0.100	15.589	0.120	15.454	0.203	ABC	222	111	00c	0	0
119.618407	-60.769176	119.618407	-60.769176	07582841-6046090	15.563	0.063	14.987	0.072	14.819	0.108	AAB	222	111	000	0	0
119.574556	-60.804222	119.574556	-60.804222	07581789-6048151	13.680	0.030	13.170	0.022	13.040	0.037	AAA	222	111	000	0	0
119.609455	-60.788383	119.609455	-60.788383	07582626-6047181	14.567	0.036	14.192	0.049	13.988	0.057	AAA	222	111	000	0	0
119.576023	-60.779224	119.576023	-60.779224	07581824-6046452	15.367	0.065	15.074	0.060	14.878	0.132	AAB	222	111	000	0	0
119.608530	-60.765224	119.608530	-60.765224	07582604-6045548	16.496	0.154	16.922		15.815		BUU	200	100	000	0	0
119.584496	-60.778946	119.584496	-60.778946	07582027-6046442	16.441	0.132	16.212	0.192	15.243		BDU	220	110	000	0	0
119.597932	-60.780457	119.597932	-60.780457	07582350-6046496	12.878	0.024	12.406	0.029	12.272	0.029	AAA	222	111	000	0	0
119.592210	-60.761730	119.592210	-60.761730	07582213-6045422	16.233	0.115	15.699	0.114	14.900	0.130	BBB	222	111	000	0	0
119.584061	-60.775959	119.584061	-60.775959	07582017-6046334	15.459	0.057	14.751	0.065	14.847	0.132	AAB	222	111	000	0	0
119.586707	-60.771652	119.586707	-60.771652	07582080-6046179	14.914	0.039	14.315	0.036	13.942	0.060	AAA	222	111	000	0	0
119.601447	-60.776073	119.601447	-60.776073	07582434-6046338	16.181	0.107	15.630	0.137	15.694	0.273	BBD	222	111	000	0	0
119.628041	-60.766937	119.628041	-60.766937	07583072-6046009	12.065	0.022	11.598	0.022	11.488	0.021	AAA	222	111	000	0	0
119.627414	-60.774940	119.627414	-60.774940	07583057-6046297	10.596	0.021	10.431	0.023	10.355	0.021	AAA	222	111	000	0	0
119.634189	-60.766914	119.634189	-60.766914	07583220-6046008	12.610	0.024	12.115	0.027	12.001	0.026	AAA	222	111	000	0	0
119.633389	-60.787174	119.633389	-60.787174	07583201-6047138	13.255	0.026	12.982	0.031	12.851	0.027	AAA	222	111	000	0	0
119.635742	-60.794685	119.635742	-60.794685	07583257-6047408	14.767	0.026	14.146	0.036	14.005	0.059	AAA	222	111	000	0	0
119.655531	-60.801338	119.655531	-60.801338	07583732-6048048	14.966	0.068	14.599	0.085	14.290	0.083	AAA	222	111	000	0	0
119.647871	-60.762669	119.647871	-60.762669	07583548-6045456	16.246	0.133	15.676	0.128	15.242	0.166	BBC	222	111	000	0	0
119.638464	-60.788742	119.638464	-60.788742	07583323-6047194	16.515	0.145	15.944		15.625	0.250	BUD	202	101	c00	0	0
119.683716	-60.761963	119.683716	-60.761963	07584409-6045430	16.048	0.091	15.441	0.115	15.202	0.185	ABC	222	111	ccc	0	0
119.672698	-60.796093	119.672698	-60.796093	07584144-6047459	16.305	0.104	15.769	0.130	15.318		BBU	220	110	000	0	0
119.638663	-60.768772	119.638663	-60.768772	07583327-6046075	14.120	0.027	13.713	0.039	13.520	0.044	AAA	222	111	000	0	0
119.680731	-60.798077	119.680731	-60.798077	07584337-6047530	16.868	0.247	15.638	0.148	15.051		DBU	220	110	000	0	0
119.682963	-60.776665	119.682963	-60.776665	07584391-6046359	10.108	0.021	10.095	0.023	10.027	0.019	AAA	222	111	000	0	0
119.686648	-60.788776	119.686648	-60.788776	07584479-6047195	15.961	0.087	15.174	0.089	14.845	0.120	AAB	222	111	000	0	0
119.683966	-60.760387	119.683966	-60.760387	07584415-6045373	14.277	0.039	13.572	0.036	13.332	0.046	AAA	222	111	000	0	0
119.669843	-60.775230	119.669843	-60.775230	07584076-6046308	15.541	0.057	15.152	0.079	14.914	0.137	AAB	222	111	000	0	0
119.640382	-60.804138	119.640382	-60.804138	07583369-6048148	15.733	0.076	15.112	0.080	15.022	0.152	AAB	222	111	000	0	0
119.648212	-60.810951	119.648212	-60.810951	07583557-6048394	11.853	0.021	11.243	0.023	11.023	0.021	AAA	222	111	000	0	0
119.652587	-60.801739	119.652587	-60.801739	07583662-6048062	14.515	0.072	13.878	0.074	13.631	0.060	AAA	222	111	000	0	0
119.662418	-60.806469	119.662418	-60.806469	07583898-6048232	13.934	0.024	13.185	0.031	13.074	0.033	AAA	222	111	000	0	0
119.671034	-60.767250	119.671034	-60.767250	07584104-6046021	16.371	0.132	15.706	0.149	14.796		BBU	220	110	000	0	0
119.673263	-60.769951	119.673263	-60.769951	07584158-6046118	15.673	0.069	15.528	0.110	15.011	0.153	ABB	222	111	000	0	0
119.669357	-60.788338	119.669357	-60.788338	07584064-6047180	14.216	0.032	13.777	0.036	13.684	0.051	AAA	222	111	000	0	0
119.667346	-60.773369	119.667346	-60.773369	07584016-6046241	16.255	0.111	15.857	0.149	15.234	0.178	BCC	222	111	000	0	0
119.652270	-60.767006	119.652270	-60.767006	07583654-6046012	15.734	0.081	15.097	0.080	14.990	0.127	AAB	222	111	ccc	0	0
119.631499	-60.779305	119.631499	-60.779305	07583155-6046454	14.983	0.045	14.308	0.052	14.054	0.066	AAA	222	111	000	0	0
119.648356	-60.795059	119.648356	-60.795059	07583560-6047422	15.820	0.085	15.343	0.102	15.169	0.179	AAC	222	111	000	0	0
119.648851	-60.781239	119.648851	-60.781239	07583572-6046524	11.868	0.024	11.498	0.025	11.428	0.021	AAA	222	111	000	0	0
119.650537	-60.771717	119.650537	-60.771717	07583612-6046181	15.194	0.056	14.514	0.067	14.203	0.068	AAA	222	111	000	0	0
119.662711	-60.756020	119.662711	-60.756020	07583905-6045216	12.508	0.022	12.098	0.029	11.964	0.023	AAA	222	111	000	0	0
119.628785	-60.790558	119.628785	-60.790558	07583090-6047260	11.438	0.022	11.111	0.023	11.001	0.019	AAA	222	111	000	0	0
119.654014	-60.752960	119.654014	-60.752960	07583696-6045106	13.539	0.027	13.236	0.023	13.129	0.035	AAA	222	111	ss0	0	0
119.655733	-60.767406	119.655733	-60.767406	07583737-6046026	12.733	0.050	12.671	0.031	12.605	0.027	AAA	222	111	000	0	0
119.654392	-60.774563	119.654392	-60.774563	07583705-6046284	13.148	0.021	12.580	0.023	12.422	0.030	AAA	222	111	000	0	0
119.661626	-60.781536	119.661626	-60.781536	07583879-6046535	15.045	0.043	14.656	0.072	14.460	0.098	AAA	222	111	000	0	0
119.656189	-60.785187	119.656189	-60.785187	07583748-6047066	16.198	0.100	15.622	0.112	15.259		BBU	220	110	000	0	0
119.655943	-60.769390	119.655943	-60.769390	07583742-6046098	12.934	0.022	12.431	0.027	12.300	0.026	AAA	222	111	000	0	0
119.720250	-60.800415	119.720250	-60.800415	07585286-6048014	13.211	0.024	12.642	0.025	12.553	0.027	AAA	222	111	000	0	0
119.742041	-60.768162	119.742041	-60.768162	07585808-6046053	16.526	0.137	15.796	0.142	15.276		BCU	220	110	000	0	0
119.743013	-60.756973	119.743013	-60.756973	07585832-6045251	16.188	0.104	15.930	0.162	15.511		BCU	220	110	000	0	0
119.688029	-60.754959	119.688029	-60.754959	07584512-6045178	15.553	0.071	15.102	0.089	15.007	0.146	AAB	222	111	00s	0	0
119.734937	-60.789680	119.734937	-60.789680	07585638-6047228	14.121	0.027	13.394	0.031	13.108	0.038	AAA	222	111	000	0	0
119.726032	-60.780361	119.726032	-60.780361	07585424-6046492	16.382	0.131	15.731	0.146	15.185	0.191	BBC	222	111	000	0	0
119.714585	-60.753529	119.714585	-60.753529	07585150-6045127	16.180	0.119	15.681	0.141	15.676	0.250	BBD	222	111	sss	0	0
119.703576	-60.796280	119.703576	-60.796280	07584885-6047466	14.741	0.040	14.065	0.047	13.800	0.053	AAA	222	111	000	0	0
119.712505	-60.768944	119.712505	-60.768944	07585100-6046081	15.861	0.084	14.976	0.080	14.537	0.092	AAA	222	111	000	0	0
119.740313	-60.782593	119.740313	-60.782593	07585767-6046573	16.756	0.174	15.541	0.128	15.701		CBU	220	110	000	0	0
119.753229	-60.775135	119.753229	-60.775135	07590077-6046304	15.488	0.057	14.700	0.073	14.620	0.107	AAA	222	111	000	0	0
119.751114	-60.778412	119.751114	-60.778412	07590026-6046422	12.676	0.022	12.066	0.025	11.971	0.024	AAA	222	111	000	0	0
119.488566	-60.744694	119.488566	-60.744694	07575725-6044408	15.399	0.064	14.812	0.055	14.694	0.102	AAB	222	111	d00	0	0
119.489058	-60.737827	119.489058	-60.737827	07575737-6044161	9.377	0.023	9.291	0.022	9.255	0.021	AAA	222	111	000	0	0
119.484463	-60.724495	119.484463	-60.724495	07575627-6043281	16.221	0.096	15.738	0.147	15.325	0.193	BBC	222	111	ccc	0	0
119.474949	-60.728271	119.474949	-60.728271	07575398-6043417	16.988	0.191	16.348	0.224	15.583	0.233	DDD	222	111	pp0	0	0
119.481165	-60.722404	119.481165	-60.722404	07575547-6043206	12.273	0.024	11.847	0.026	11.734	0.023	AAA	222	111	000	0	0
119.455142	-60.736713	119.455142	-60.736713	07574923-6044121	12.872	0.024	12.485	0.026	12.469	0.026	AAA	222	111	000	0	0
119.536953	-60.744522	119.536953	-60.744522	07580886-6044402	11.040	0.022	10.809	0.022	10.790	0.023	AAA	222	111	000	0	0
119.561639	-60.739262	119.561639	-60.739262	07581479-6044213	16.593	0.173	15.740	0.156	15.526	0.250	CCD	222	111	000	0	0
119.560494	-60.725708	119.560494	-60.725708	07581451-6043325	9.135	0.026	9.023	0.025	8.985	0.021	AAA	222	111	000	0	0
119.555090	-60.719940	119.555090	-60.719940	07581322-6043117	15.556	0.062	15.233	0.077	14.995	0.150	AAB	222	111	c00	0	0
119.547921	-60.733467	119.547921	-60.733467	07581150-6044004	15.831	0.078	15.568	0.123	15.064	0.134	ABB	222	111	000	0	0
119.546322	-60.715591	119.546322	-60.715591	07581111-6042561	13.578	0.026	13.250	0.025	13.259	0.040	AAA	222	111	000	0	0
119.511902	-60.707279	119.511902	-60.707279	07580285-6042262	15.948	0.080	14.691		14.750		AUU	266	200	c00	0	0
119.531024	-60.742611	119.531024	-60.742611	07580744-6044333	13.581	0.024	12.955	0.022	12.886	0.030	AAA	222	111	000	0	0
119.523303	-60.736530	119.523303	-60.736530	07580559-6044115	16.432	0.117	15.834	0.143	15.229	0.195	BBC	222	111	000	0	0
119.518175	-60.720535	119.518175	-60.720535	07580436-6043139	15.240	0.051	14.568	0.058	14.648	0.098	AAA	222	111	000	0	0
119.503949	-60.714283	119.503949	-60.714283	07580094-6042514	14.139		13.672		14.608	0.121	UUB	062	002	00c	0	0
119.505512	-60.714905	119.505512	-60.714905	07580132-6042536	11.846		11.601		13.410	0.060	UUA	662	003	00c	0	0
119.507653	-60.727692	119.507653	-60.727692	07580183-6043396	9.598	0.024	9.430	0.022	9.383	0.021	AAA	222	111	000	0	0
119.507994	-60.714897	119.507994	-60.714897	07580191-6042536	10.782		10.582	0.024	10.512	0.027	UAA	622	012	00c	0	0
119.511564	-60.708122	119.511564	-60.708122	07580277-6042292	15.561	0.081	14.620		14.662		AUU	266	200	c00	0	0
119.510647	-60.746441	119.510647	-60.746441	07580255-6044471	15.960	0.083	15.532	0.119	15.313	0.203	ABC	222	111	sss	0	0
119.515875	-60.722275	119.515875	-60.722275	07580381-6043201	16.760	0.165	16.078	0.175	15.652	0.244	CCD	222	111	cc0	0	0
119.616092	-60.741611	119.616092	-60.741611	07582786-6044297	15.187	0.043	14.539	0.023	14.232	0.071	AAA	222	111	ccc	0	0
119.608649	-60.707798	119.608649	-60.707798	07582607-6042280	15.216	0.050	14.486	0.061	14.240	0.068	AAA	222	111	000	0	0
119.582734	-60.699467	119.582734	-60.699467	07581985-6041580	11.091	0.022	10.837	0.022	10.761	0.019	AAA	222	111	000	0	0
119.610845	-60.747894	119.610845	-60.747894	07582660-6044524	15.334	0.253	12.985		12.970		DUU	200	100	c00	0	0
119.565282	-60.704208	119.565282	-60.704208	07581566-6042151	15.104	0.054	14.736	0.058	14.647	0.109	AAB	222	111	000	0	0
119.607648	-60.745831	119.607648	-60.745831	07582583-6044449	7.415	0.023	6.817	0.059	6.585	0.027	AAA	111	111	s0s	0	0
119.605938	-60.709324	119.605938	-60.709324	07582542-6042335	15.646	0.067	15.009	0.078	14.826	0.123	AAB	222	111	000	0	0
119.588044	-60.739990	119.588044	-60.739990	07582113-6044239	15.806	0.081	15.226	0.075	15.074	0.141	AAB	222	111	c0c	0	0
119.564061	-60.717384	119.564061	-60.717384	07581537-6043025	14.750	0.032	14.321	0.042	14.280	0.079	AAA	222	111	000	0	0
119.571615	-60.743553	119.571615	-60.743553	07581718-6044367	14.903	0.049	14.256	0.047	14.173	0.077	AAA	222	111	000	0	0
119.605820	-60.726898	119.605820	-60.726898	07582539-6043368	16.575	0.150	16.034	0.171	15.690	0.274	CCD	222	111	000	0	0
119.583067	-60.727840	119.583067	-60.727840	07581993-6043402	13.287	0.026	12.740	0.025	12.600	0.024	AAA	222	111	000	0	0
119.572915	-60.701401	119.572915	-60.701401	07581749-6042050	16.158	0.106	15.423	0.109	16.315		ABU	220	110	000	0	0
119.590792	-60.730370	119.590792	-60.730370	07582179-6043493	16.531	0.142	16.007	0.216	14.840		BCU	220	110	000	0	0
119.591443	-60.709255	119.591443	-60.709255	07582194-6042333	14.148	0.030	13.478	0.029	13.226	0.037	AAA	222	111	000	0	0
119.591543	-60.734161	119.591543	-60.734161	07582197-6044029	15.923	0.083	15.335	0.090	15.160	0.150	AAC	222	111	000	0	0
119.592523	-60.719841	119.592523	-60.719841	07582220-6043114	15.815	0.082	15.105	0.072	14.689	0.113	AAB	222	111	000	0	0
119.604494	-60.720303	119.604494	-60.720303	07582507-6043130	16.509	0.147	15.853	0.154	15.789		BCU	220	110	000	0	0
119.594591	-60.701500	119.594591	-60.701500	07582270-6042054	15.748	0.079	15.196	0.086	14.851	0.128	AAB	222	111	000	0	0
119.681960	-60.713001	119.681960	-60.713001	07584367-6042468	15.716	0.076	15.196	0.087	15.482	0.215	AAD	222	111	000	0	0
119.677701	-60.710602	119.677701	-60.710602	07584264-6042381	12.744	0.021	12.466	0.022	12.394	0.029	AAA	222	111	000	0	0
119.639765	-60.744717	119.639765	-60.744717	07583354-6044409	14.257	0.036	13.583	0.035	13.335	0.037	AAA	222	111	000	0	0
119.643618	-60.716488	119.643618	-60.716488	07583446-6042593	14.382	0.030	14.009	0.029	13.901	0.054	AAA	222	111	000	0	0
119.650929	-60.713028	119.650929	-60.713028	07583622-6042469	14.738	0.035	14.432	0.053	14.383	0.094	AAA	222	111	000	0	0
119.650825	-60.722870	119.650825	-60.722870	07583619-6043223	14.710	0.043	14.332	0.048	14.159	0.072	AAA	222	111	000	0	0
119.646747	-60.722672	119.646747	-60.722672	07583521-6043216	15.835	0.103	15.509	0.114	15.624	0.243	ABD	222	111	000	0	0
119.644433	-60.701332	119.644433	-60.701332	07583466-6042047	9.426	0.022	9.282	0.027	9.197	0.019	AAA	222	111	000	0	0
119.644040	-60.743271	119.644040	-60.743271	07583456-6044357	15.268	0.056	14.770	0.066	14.677	0.108	AAA	222	111	c00	0	0
119.638813	-60.732113	119.638813	-60.732113	07583331-6043556	15.147	0.045	14.661	0.060	14.527	0.091	AAA	222	111	c00	0	0
119.639144	-60.740917	119.639144	-60.740917	07583339-6044273	11.382	0.022	11.040	0.022	10.944	0.021	AAA	222	111	000	0	0
119.669740	-60.718212	119.669740	-60.718212	07584073-6043055	15.394	0.053	14.967	0.091	14.516	0.092	AAA	222	111	pp0	0	0
119.634156	-60.735340	119.634156	-60.735340	07583219-6044072	15.818	0.082	15.192	0.074	14.852	0.126	AAB	222	111	c00	0	0
119.628320	-60.723446	119.628320	-60.723446	07583079-6043244	14.368	0.032	14.090	0.025	13.915	0.053	AAA	222	111	cdd	0	0
119.628039	-60.729076	119.628039	-60.729076	07583072-6043446	8.675	0.026	8.680	0.027	8.716	0.019	AAA	112	111	000	0	0
119.627958	-60.730415	119.627958	-60.730415	07583070-6043494	14.954	0.129	10.420		10.565		BUU	200	100	c00	0	0
119.625786	-60.706093	119.625786	-60.706093	07583018-6042219	15.007	0.039	14.510	0.051	14.430	0.081	AAA	222	111	000	0	0
119.655281	-60.708775	119.655281	-60.708775	07583726-6042315	12.978	0.021	12.606	0.025	12.504	0.030	AAA	222	111	000	0	0
119.663736	-60.721352	119.663736	-60.721352	07583929-6043168	14.014		14.188	0.042	13.918	0.053	UAA	622	022	0cc	0	0
119.662066	-60.721783	119.662066	-60.721783	07583889-6043184	13.916		13.903	0.078	13.838	0.073	UAA	622	022	0cc	0	0
119.656460	-60.741062	119.656460	-60.741062	07583755-6044278	16.288	0.123	15.579	0.124	15.137		BBU	220	110	000	0	0
119.696091	-60.728020	119.696091	-60.728020	07584706-6043408	15.982	0.083	15.893	0.147	15.485	0.237	ACD	222	111	000	0	0
119.708650	-60.721851	119.708650	-60.721851	07585007-6043186	16.697	0.166	15.755	0.154	14.890		CBU	220	110	cc0	0	0
119.733106	-60.736954	119.733106	-60.736954	07585594-6044130	16.182	0.110	15.653	0.127	15.697	0.265	BBD	222	111	000	0	0
119.709532	-60.722851	119.709532	-60.722851	07585028-6043222	16.261	0.112	15.542	0.133	15.194	0.179	BBC	222	111	000	0	0
119.721839	-60.730011	119.721839	-60.730011	07585324-6043480	16.359	0.127	15.875	0.152	15.086		BCU	220	110	000	0	0
119.722873	-60.741749	119.722873	-60.741749	07585348-6044302	16.172	0.106	15.543	0.109	15.800	0.301	BBD	222	111	000	0	0
119.742622	-60.746861	119.742622	-60.746861	07585822-6044486	16.260	0.132	16.099	0.219	15.419	0.196	BDC	222	111	sss	0	0
119.725323	-60.749092	119.725323	-60.749092	07585407-6044567	16.030	0.091	15.243	0.080	15.560		AAU	220	110	000	0	0
